00000001
00000001
11111111
00000000
00000000
11001000
00010100
00000110
00100100
00000100
11000000
00001000
00001100
00010000
00000000
00000000
00110110
00001000
00000000
00010000
00000000
00111100
00000000
00000000
00100000
00000100
00000000
00000000
00000001
00000001
00000001
00000001
01000000
00000000
00000000
00000100
00001000
00000000
01000000
00001000
00000000
00010000
00000100
00000000
00010100
00000000
00000000
01000000
00000000
00000000
00000000
00111110
00000000
00000000
00000000
00000001
00000001
00000001
00000001
00000001
00000011
00000001
11111111
00000000
00000000
00000001
00001111
00000001
00000001
00000001
00000001
00000001
00011001
00111000
00000000
00001100
00110000
00000000
00000000
00000000
00000000
00000001
00000001
00000001
00000000
00000001
00000001
00000001
00000001
00000011
00001111
00000000
00000001
00000001
00000000
00000000
00000000
00001111
00000001
00000001
00000001
00000000
00000000
00000000
00000000
00000000
00000000
00000000
00000000
00000000
00000000
00000000
00000000
00000000
00000000
00000000
00000000
00001111
00000011
00000001
00000001
00000011
00000011
00000000
00000000
00000111
00000001
00000001
00000001
00000001
00000000
00000000
00000000
00000000
00000000
00000000
00000000
00000000
00000000
00000000
00000000
00000000
00000000
00000000
00000001
00000001
00000001
00000001
00000001
00000001
00000000
00000000
00000000
00000000
00000001
00000001
00000001
00000001
00000001
00000000
00000000
00000000
00000000
00000000
00000000
00000000
00000000
00000000
00000000
00000000
00000000
00000000
00000111
00000001
00000001
00000001
00000011
00000000
00000000
00000000
00000000
00000000
00000001
00000001
00000001
00000001
00000001
00000000
00000000
00000000
00000000
00000000
00000000
00000000
00000000
00000000
00000000
00000000
00000000
00000001
00000000
00000001
00000001
00000000
00000001
00000001
00000001
00000001
00000000
00000000
00000000
00000000
00000001
00000001
00000001
00000001
00000000
00000000
00000000
00000000
00000000
00000000
00000000
00000000
00000001
00000001
00000001
00000001
00000000
00000111
00000000
00000000
00000001
00000001
00000000
00000000
00000000
00000000
00000000
00000000
00000000
00000000
00000000
00000001
00000001
00000001
00000001
00000000
00000000
00000000
00000000
00000000
00000000
00000000
00000000
00000000
00000000
00001111
00000001
00000001
00000001
00000111
00000011
00000000
00000000
00000000
00000000
00000000
00000000
00000000
00000001
00000001
00000001
00000001
00000000
00000000
00000000
00000000
00000000
00000000
00000000
00000000
00000000
00000000
00000000
00001111
00000001
00000001
00000001
00000011
00000000
00000000
00000000
00000000
00000000
00000000
00000000
00000001
00000001
00000001
00000000
00000000
00000000
00000000
00000000
00000000
00000000
00000000
00000000
00000000
00000000
00000000
00000000
00001111
00000001
00000001
00000001
00000011
00000000
00000000
00000000
00000000
00000000
00000000
00000111
00000000
00000001
00000001
00001111
00000000
00000000
00000000
00000000
00000000
00000000
00000000
00000000
00000000
00000000
00000000
00000000
00001111
00000001
00000001
00000001
00000000
00000000
00000000
00000000
00000011
00000000
00000000
00000001
00000001
00000001
00000000
00000001
00000000
00000000
00000000
00000000
00000000
00000000
00000000
00000000
00000000
00000000
00000000
00000000
00000001
00000000
00000001
00000001
00000001
00000111
00000000
00000000
00000000
00000001
00000001
00000001
00000001
00000011
00000001
00000000
00000000
00000000
00000000
00000000
00000000
00000000
00000000
00000000
00000000
00000000
00000000
00000000
00000000
00000001
00000000
00000001
00000001
00000001
00000001
00000001
00000001
00000001
00000001
00000001
00000000
00001111
00000000
00000000
00000000
00000000
00000000
00000000
00000000
00000000
00000000
00000000
00000000
00000000
00000000
00000000
00000000
00000000
00000001
00000001
00000001
00000001
00000001
00000001
00000001
00000001
00000011
00000000
00000011
00000000
00000000
00000000
00000000
00000000
00000000
00000000
00000000
00000000
00000000
00000000
00000000
00000000
00000000
00000000
00000000
00000000
00000001
00000011
00000001
00000001
00000001
00000001
00000001
00000011
00000011
00000000
00000000
00000000
00000000
00000000
00000000
00000000
00000000
00000000
00000000
00000000
00000000
00000000
00000000
00000000
00000000
00000000
00000000
00000000
00000000
00000000
00000000
00000000
00000000
00000000
00000000
00000000
00000000
00000000
00000000
00000000
00000000
00000000
00000000
00000000
00000000
00000000
00000000
00000000
00000000
00000000
00000000
00000000
00000000
00000000
00000000
00000000
00000000
00000000
00000000
00000000
00000000
00000000
00000000
00000000
00000000
00000000
00000000
00000000
00000000
00000000
00000000
00000000
00000000
00000000
00000000
00000000
00000000
00000000
00000000
00000000
00000000
00000000
00000000
00000000
00000000
00000000
00000000
00000000
00000000
00000000
00000000
00000000
00000000
00000000
00000000
00000000
00000000
00000000
00000000
00000000
00000000
00000000
00000000
00000000
00000000
00000000
00000000
00000000
00000000
00000000
00000000
00000000
00000000
00000000
00000000
00000000
00000000
00000000
00000000
00000000
00000000
00000000
00000000
00000000
00000000
00000000
00000000
00000000
00000000
00000000
00000000
00000000
00000000
